1749605847.155708 0.003691 -0.031558 0.002634 -0.000041 0.001426 0.000780 0.999999
1749605847.230838 0.002430 -0.014421 0.006061 -0.001088 0.001019 0.000573 0.999999
1749605847.329429 0.006156 -0.032589 0.005329 -0.000396 0.000918 0.001104 0.999999
1749605847.430770 0.001948 -0.032616 0.005173 -0.001315 0.001197 0.001259 0.999998
1749605847.531892 0.002841 -0.028298 0.004023 -0.000603 0.001787 0.000177 0.999998
1749605847.635415 0.001742 -0.026149 0.003499 -0.000980 0.003175 0.000745 0.999994
1749605847.733144 0.002566 -0.028877 0.003020 -0.000796 0.003319 0.000024 0.999994
1749605847.831142 0.005630 -0.026189 0.002150 -0.001231 0.002299 0.000057 0.999997
1749605847.931738 0.003770 -0.031597 0.003568 -0.000521 0.001975 -0.000191 0.999998
1749605848.032319 0.001590 -0.028746 0.003855 -0.000204 0.002764 -0.000805 0.999996
1749605848.136549 0.002132 -0.028069 0.001413 0.000142 0.002774 -0.000338 0.999996