cam_model: Pinhole
cam_width: 640
cam_height: 360
scale: 1.0
cam_fx: 260.8923645019531
cam_fy: 260.8923645019531
cam_cx: 323.93841552734375
cam_cy: 185.4820556640625
cam_d0: 0.0
cam_d1: 0.0
cam_d2: 0.0
cam_d3: 0.0