cam_model: Pinhole
cam_width: 1280
cam_height: 1024
scale: 0.5
cam_fx: 1294.7265716372897
cam_fy: 1294.8678078910468
cam_cx: 626.663267153558
cam_cy: 531.0334324363173
cam_d0: -0.07592763180373921
cam_d1: 0.12857252741674535
cam_d2: 0.0002726821691221157
cam_d3: 0.0002504335037343933